31 0.065211
31 0.066801
31 0.065074
31 0.065754
31 0.075669
31 0.072458
31 0.066835
31 0.079862
31 0.074054
31 0.073510
63 0.350109
63 0.301359
63 0.300958
63 0.291543
63 0.298486
63 0.356686
63 0.291322
63 0.309641
63 0.292640
63 0.328659
127 1.553972
127 1.507671
127 1.520834
127 1.499978
127 1.488123
127 1.494146
127 1.492241
127 1.507878
127 1.513190
127 1.500067
255 5.903655
255 7.184438
255 7.194719
255 7.208774
255 5.876251
255 6.202875
255 6.516308
255 5.736809
255 7.192914
255 7.170860
511 39.381908
511 39.558759
511 41.888626
511 40.039468
511 38.546533
511 39.578913
511 38.903944
511 39.466780
511 39.725276
511 40.772792
