 initial diagonal elements of p
50000.122383 50000.121785 50000.119995 50000.117031 50000.112922 50000.107709 50000.101442 50000.094182 50000.086001 50000.076979 50000.067204 50000.056771 50000.045783 50000.034347 50000.022575 50000.010583 49999.998486 49999.986405 49999.974456 49999.962758 49999.951423 49999.940564 49999.930287 49999.920691 49999.911871 49999.903914 49999.896896 49999.890887 49999.885945 49999.882120 49999.879447 49999.877953 49999.877654 49999.878552 49999.880637 49999.883890 49999.888279 49999.893762 49999.900283 49999.907780 49999.916179 49999.925398 49999.935347 49999.945928 49999.957038 49999.968569 49999.980407 49999.992436 50000.004540 50000.016599 50000.028496 50000.040114 50000.051340 50000.062064 50000.072180 50000.081590 50000.090202 50000.097932 50000.104703 50000.110451 50000.115117 50000.118658 50000.121038 50000.122234 50000.122234 50000.121038 50000.118658 50000.115117 50000.110451 50000.104703 50000.097932 50000.090202 50000.081590 50000.072180 50000.062063 50000.051340 50000.040114 50000.028496 50000.016599 50000.004540 49999.992436 49999.980407 49999.968569 49999.957038 49999.945928 49999.935346 49999.925398 49999.916179 49999.907780 49999.900283 49999.893762 49999.888279 49999.883890 49999.880637 49999.878552 49999.877654 49999.877953 49999.879447 49999.882120 49999.885945 49999.890887 49999.896896 49999.903914 49999.911871 49999.920691 49999.930287 49999.940564 49999.951424 49999.962758 49999.974456 49999.986405 49999.998486 50000.010583 50000.022575 50000.034347 50000.045783 50000.056771 50000.067204 50000.076979 50000.086001 50000.094182 50000.101442 50000.107709 50000.112922 50000.117031 50000.119995 50000.121785 
 initial diagonal elements of u
-0.012221 -0.036498 -0.060359 -0.083569 -0.105901 -0.127138 -0.147071 -0.165506 -0.182262 -0.197175 -0.210099 -0.220908 -0.229496 -0.235779 -0.239695 -0.241207 -0.240300 -0.236982 -0.231285 -0.223267 -0.213004 -0.200597 -0.186169 -0.169859 -0.151828 -0.132252 -0.111322 -0.089243 -0.066231 -0.042512 -0.018316 0.006118 0.030552 0.054747 0.078467 0.101479 0.123557 0.144487 0.164064 0.182095 0.198405 0.212833 0.225240 0.235502 0.243521 0.249218 0.252536 0.253443 0.251931 0.248015 0.241732 0.233144 0.222335 0.209411 0.194498 0.177742 0.159307 0.139374 0.118137 0.095804 0.072594 0.048734 0.024457 -0.000000 -0.024397 -0.048495 -0.072059 -0.094859 -0.116670 -0.137280 -0.156488 -0.174105 -0.189958 -0.203894 -0.215775 -0.225485 -0.232930 -0.238036 -0.240754 -0.241056 -0.238941 -0.234428 -0.227562 -0.218410 -0.207061 -0.193628 -0.178240 -0.161048 -0.142221 -0.121943 -0.100413 -0.077840 -0.054445 -0.030459 -0.006114 0.018350 0.042695 0.066681 0.090076 0.112648 0.134179 0.154457 0.173284 0.190475 0.205863 0.219297 0.230646 0.239798 0.246664 0.251177 0.253292 0.252989 0.250272 0.245166 0.237721 0.228011 0.216130 0.202194 0.186340 0.168724 0.149516 0.128906 0.107094 0.084295 0.060731 0.036633 0.012236 
 initial diagonal elements of v
0.012221 0.036498 0.060359 0.083569 0.105901 0.127138 0.147071 0.165506 0.182262 0.197175 0.210099 0.220908 0.229496 0.235779 0.239695 0.241207 0.240300 0.236982 0.231285 0.223267 0.213004 0.200597 0.186169 0.169859 0.151828 0.132252 0.111322 0.089243 0.066231 0.042512 0.018316 -0.006118 -0.030552 -0.054747 -0.078467 -0.101479 -0.123557 -0.144487 -0.164064 -0.182095 -0.198405 -0.212833 -0.225240 -0.235502 -0.243521 -0.249218 -0.252536 -0.253443 -0.251931 -0.248015 -0.241732 -0.233144 -0.222335 -0.209411 -0.194498 -0.177742 -0.159307 -0.139374 -0.118137 -0.095804 -0.072594 -0.048734 -0.024457 0.000000 0.024397 0.048495 0.072059 0.094859 0.116670 0.137280 0.156488 0.174105 0.189958 0.203894 0.215775 0.225485 0.232930 0.238036 0.240754 0.241056 0.238941 0.234428 0.227562 0.218410 0.207061 0.193628 0.178240 0.161048 0.142221 0.121943 0.100413 0.077840 0.054445 0.030459 0.006114 -0.018350 -0.042695 -0.066681 -0.090076 -0.112648 -0.134179 -0.154457 -0.173284 -0.190475 -0.205863 -0.219297 -0.230646 -0.239798 -0.246664 -0.251177 -0.253292 -0.252989 -0.250272 -0.245166 -0.237721 -0.228011 -0.216130 -0.202194 -0.186340 -0.168724 -0.149516 -0.128906 -0.107094 -0.084295 -0.060731 -0.036633 -0.012236 
--
 diagonal elements of p
50000.121247 50000.118904 50000.115398 50000.110764 50000.105045 50000.098300 50000.090592 50000.081998 50000.072603 50000.062497 50000.051779 50000.040555 50000.028934 50000.017030 50000.004959 49999.992840 49999.980790 49999.968929 49999.957371 49999.946230 49999.935616 49999.925631 49999.916373 49999.907934 49999.900395 49999.893831 49999.888305 49999.883872 49999.880575 49999.878447 49999.877507 49999.877766 49999.879221 49999.881857 49999.885649 49999.890560 49999.896541 49999.903535 49999.911472 49999.920275 49999.929858 49999.940127 49999.950982 49999.962316 49999.974019 49999.985976 49999.998070 50000.010183 50000.022197 50000.033993 50000.045456 50000.056474 50000.066941 50000.076752 50000.085812 50000.094033 50000.101334 50000.107644 50000.112900 50000.117052 50000.120059 50000.121892 50000.122532 50000.121974 50000.120222 50000.117294 50000.113219 50000.108036 50000.101797 50000.094561 50000.086401 50000.077395 50000.067632 50000.057207 50000.046223 50000.034787 50000.023010 50000.011008 49999.998898 49999.986799 49999.974829 49999.963105 49999.951742 49999.940851 49999.930538 49999.920905 49999.912046 49999.904048 49999.896987 49999.890935 49999.885950 49999.882080 49999.879364 49999.877828 49999.877487 49999.878345 49999.880393 49999.883611 49999.887967 49999.893420 49999.899915 49999.907390 49999.915770 49999.924975 49999.934913 49999.945488 49999.956596 49999.968129 49999.979973 49999.992014 50000.004132 50000.016210 50000.028129 50000.039773 50000.051028 50000.061783 50000.071934 50000.081382 50000.090033 50000.097804 50000.104617 50000.110407 50000.115117 50000.118701 50000.121124 50000.122362 50000.122403 
 diagonal elements of u
-0.012197 -0.036474 -0.060335 -0.083546 -0.105879 -0.127117 -0.147052 -0.165488 -0.182245 -0.197160 -0.210086 -0.220897 -0.229487 -0.235772 -0.239691 -0.241206 -0.240300 -0.236985 -0.231291 -0.223274 -0.213014 -0.200609 -0.186183 -0.169875 -0.151845 -0.132271 -0.111342 -0.089264 -0.066253 -0.042535 -0.018340 0.006094 0.030528 0.054724 0.078444 0.101456 0.123536 0.144467 0.164045 0.182077 0.198389 0.212819 0.225227 0.235492 0.243513 0.249212 0.252532 0.253442 0.251933 0.248018 0.241738 0.233152 0.222345 0.209423 0.194512 0.177758 0.159325 0.139393 0.118158 0.095826 0.072617 0.048757 0.024480 0.000024 -0.024373 -0.048472 -0.072036 -0.094836 -0.116649 -0.137260 -0.156469 -0.174087 -0.189942 -0.203880 -0.215763 -0.225475 -0.232922 -0.238031 -0.240751 -0.241056 -0.238942 -0.234432 -0.227568 -0.218419 -0.207072 -0.193640 -0.178254 -0.161065 -0.142239 -0.121963 -0.100433 -0.077862 -0.054468 -0.030482 -0.006138 0.018326 0.042671 0.066658 0.090053 0.112626 0.134158 0.154437 0.173265 0.190458 0.205848 0.219284 0.230634 0.239789 0.246657 0.251172 0.253290 0.252989 0.250274 0.245170 0.237728 0.228020 0.216141 0.202208 0.186356 0.168741 0.149535 0.128926 0.107116 0.084317 0.060754 0.036656 0.012260 
 diagonal elements of v
0.012245 0.036522 0.060382 0.083591 0.105923 0.127159 0.147091 0.165524 0.182278 0.197189 0.210112 0.220918 0.229504 0.235785 0.239699 0.241209 0.240299 0.236979 0.231280 0.223259 0.212994 0.200586 0.186155 0.169843 0.151811 0.132233 0.111301 0.089221 0.066209 0.042488 0.018293 -0.006142 -0.030576 -0.054771 -0.078490 -0.101501 -0.123579 -0.144508 -0.164083 -0.182113 -0.198421 -0.212848 -0.225252 -0.235513 -0.243529 -0.249223 -0.252539 -0.253444 -0.251930 -0.248011 -0.241726 -0.233135 -0.222324 -0.209398 -0.194483 -0.177726 -0.159290 -0.139355 -0.118117 -0.095783 -0.072572 -0.048711 -0.024433 0.000024 0.024421 0.048519 0.072082 0.094881 0.116691 0.137300 0.156507 0.174122 0.189974 0.203907 0.215787 0.225495 0.232937 0.238041 0.240756 0.241057 0.238939 0.234424 0.227555 0.218401 0.207051 0.193615 0.178225 0.161032 0.142203 0.121924 0.100392 0.077818 0.054423 0.030435 0.006090 -0.018374 -0.042718 -0.066705 -0.090098 -0.112671 -0.134200 -0.154477 -0.173303 -0.190492 -0.205879 -0.219311 -0.230657 -0.239807 -0.246671 -0.251181 -0.253294 -0.252989 -0.250269 -0.245161 -0.237714 -0.228001 -0.216118 -0.202181 -0.186325 -0.168707 -0.149498 -0.128886 -0.107073 -0.084273 -0.060708 -0.036609 -0.012212 
