 number of points in the x direction 31
 number of points in the y direction 31
 grid spacing in the x direction     100000.000000
 grid spacing in the y direction     100000.000000
 time step                           90.000000
 time filter parameter               0.001000
 initial diagonal elements of p
50002.054028 50001.887565 50001.415157 50000.713375 49999.895965 49999.095418 49998.441489 49998.040171 49997.956510 49998.204068 49998.742717 49999.485153 50000.311037 50001.086507 50001.685871 50002.011982 50002.011982 50001.685871 50001.086507 50000.311036 49999.485152 49998.742717 49998.204067 49997.956510 49998.040171 49998.441490 49999.095419 49999.895966 50000.713375 50001.415158 50001.887565 
 initial diagonal elements of u
-0.200511 -0.556632 -0.805944 -0.908034 -0.846358 -0.630910 -0.296613 0.102350 0.501314 0.835611 1.051058 1.112735 1.010644 0.761333 0.405211 -0.000000 -0.388622 -0.697664 -0.877037 -0.897667 -0.756209 -0.475592 -0.101300 0.306001 0.680293 0.960910 1.102367 1.081738 0.902365 0.593322 0.204700 
 initial diagonal elements of v
0.200511 0.556632 0.805944 0.908034 0.846358 0.630910 0.296613 -0.102350 -0.501314 -0.835611 -1.051058 -1.112735 -1.010644 -0.761333 -0.405211 0.000000 0.388622 0.697664 0.877037 0.897667 0.756209 0.475592 0.101300 -0.306001 -0.680293 -0.960910 -1.102367 -1.081738 -0.902365 -0.593322 -0.204700 
 cycle number 4000 model time in hours 100.000000
 diagonal elements of p
50001.704856 50001.054487 50000.233002 49999.373222 49998.614388 49998.079681 49997.856120 49997.980264 49998.432073 49999.138118 49999.983588 50000.831137 50001.543337 50002.004998 50002.141672 50001.931492 50001.408528 50000.657264 49999.799085 49998.972849 49998.312514 49997.925405 49997.874633 49998.168641 49998.759716 49999.551737 50000.415962 50001.212115 50001.811255 50002.116614 50002.079071 
 diagonal elements of u
-0.199115 -0.555373 -0.805028 -0.907615 -0.846505 -0.631597 -0.297721 0.101006 0.499953 0.834452 1.050284 1.112467 1.010927 0.762126 0.406390 0.001378 -0.387267 -0.696554 -0.876355 -0.897528 -0.756635 -0.476509 -0.102553 0.304620 0.679008 0.959924 1.101835 1.081745 0.902913 0.594328 0.206006 
 diagonal elements of v
0.201867 0.557848 0.806816 0.908420 0.846197 0.630234 0.295534 -0.103658 -0.502640 -0.836743 -1.051815 -1.112996 -1.010366 -0.760556 -0.404057 0.001344 0.389935 0.698731 0.877679 0.897780 0.755781 0.474696 0.100082 -0.307345 -0.681548 -0.961874 -1.102886 -1.081729 -0.901827 -0.592337 -0.203426 
 cycle number 4000 total computer time 0.145445 time per cycle 0.000036
 time and megaflops for loop 100 0.071809 1284.742811
 time and megaflops for loop 200 0.050055 1996.678484
 time and megaflops for loop 300 0.020180 2857.281804
