31 0.126761
31 0.126843
31 0.126476
31 0.127150
31 0.127009
31 0.127152
31 0.126141
31 0.127393
31 0.127610
31 0.126144
63 1.528619
63 1.520599
63 1.530789
63 1.517678
63 1.527475
63 1.522392
63 1.517548
63 1.531632
63 1.525963
63 1.523386
127 6.605232
127 6.558691
127 6.558204
127 6.623549
127 6.541181
127 6.559239
127 6.518036
127 6.595268
127 6.561753
127 6.578558
255 29.417057
255 29.376821
255 29.145161
255 29.527483
255 29.020555
255 29.400412
255 29.314112
255 29.308196
255 29.278150
255 29.512403
511 140.333685
511 139.306091
511 140.653882
511 141.154383
511 139.828430
511 141.217479
511 140.460968
511 142.655396
511 140.554269
511 139.151520
